ar3:
    hardware_driver:
        serial_port: /dev/ttyACM0
        baudrate: 9600
        encoder_steps_per_deg: # encoder steps per joint angle degree
            joint_1: 44.444444444 #227.5555555555556 # default 227.5555555555556
            joint_2: 111.11111111 #284.4444444444444 # default 284.4444444444444 # joint enc 22.75555555555556
            joint_3: 55.555555555 #284.4444444444444 # default 284.4444444444444
            joint_4: 42.7266 #223.0044444444444 # default 223.0044444444444
            joint_5: 21.8602 #56.04224675948152 # default 56.04224675948152 # joint enc 22.75555555555556
            joint_6: 22.22222222 #108.0888888888889 # default 108.0888888888889
